# Exemplo de figura com dois objetos 3D, contendo pontos, linhas e faces com cor
-100 100 -100 100
2
# Cubo
8 12 6
-1 -1 1
1 -1 1
1 1 1
-1 1 1
-1 -1 -1
1 -1 -1
1 1 -1
-1 1 -1
1 2
2 3
3 4
4 1
1 5
2 6
3 7
4 8
5 6
6 7
7 8
8 5
4 1 2 3 4 100.0 0.0 0.0
4 2 6 7 3 0.0 100.0 0.0
4 6 5 8 7 0.0 0.0 100.0
4 5 1 4 8 70.5 150.5 0.0
4 4 3 7 8 0.0 200.5 90.5
4 5 6 2 1 100.5 60.0 120.5
0 0 0
10 10 10
120 120 100
# Piramide
5 8 5
-1 -1 1
1 -1 1
1 -1 -1
-1 -1 -1
0 1 0
1 2
2 3
3 4
4 1
1 5
2 5
3 5
4 5
3 1 2 5 255.0 0.0 0.0
3 2 3 5 0.0 255.0 0.0
3 3 4 5 0.0 0.0 255.0
3 4 1 5 1.0 255.0 255.0
4 4 3 2 1 255.0 255.0 1.0
-30 50 0
10 10 10
20 20 20

